[gd_scene load_steps=28 format=3 uid="uid://dbr3r40wcgh5w"]

[ext_resource type="PackedScene" uid="uid://btknduttnmoxf" path="res://third-party/godot-xr-tools/misc/vr_common_shader_cache.tscn" id="1_is6v4"]
[ext_resource type="PackedScene" uid="uid://cigx2gnf4tg4d" path="res://third-party/godot-xr-tools/hands/scenes/highpoly/right_fullglove_physics_hand.tscn" id="3_6mgpq"]
[ext_resource type="Script" uid="uid://dccs3w0763htm" path="res://third-party/godot-xr-tools/hands/collision_hand.gd" id="3_b7d4o"]
[ext_resource type="PackedScene" uid="uid://b6bk2pj8vbj28" path="res://third-party/godot-xr-tools/functions/movement_turn.tscn" id="3_y0fpp"]
[ext_resource type="PackedScene" uid="uid://b4ysuy43poobf" path="res://third-party/godot-xr-tools/functions/function_pickup.tscn" id="5_cba1f"]
[ext_resource type="PackedScene" uid="uid://ddsj74hpt1kgb" path="res://third-party/godot-xr-tools/hands/scenes/highpoly/left_physics_tac_glove.tscn" id="5_m3vyv"]
[ext_resource type="PackedScene" uid="uid://c2q5phg8w08o" path="res://third-party/godot-xr-tools/functions/movement_jump.tscn" id="6_2k3w2"]
[ext_resource type="PackedScene" uid="uid://bl2nuu3qhlb5k" path="res://third-party/godot-xr-tools/functions/movement_direct.tscn" id="6_cba1f"]
[ext_resource type="PackedScene" uid="uid://fiul51tsyoop" path="res://third-party/godot-xr-tools/functions/function_teleport.tscn" id="6_txa0r"]
[ext_resource type="PackedScene" uid="uid://drs4eeq721ojn" path="res://third-party/godot-xr-tools/functions/movement_sprint.tscn" id="8_cba1f"]
[ext_resource type="PackedScene" uid="uid://cqhw276realc" path="res://third-party/godot-xr-tools/functions/function_pointer.tscn" id="8_pcevl"]
[ext_resource type="PackedScene" uid="uid://chcuj3jysipk8" path="res://third-party/godot-xr-tools/functions/movement_jog.tscn" id="9_2k3w2"]
[ext_resource type="PackedScene" uid="uid://diyu06cw06syv" path="res://third-party/godot-xr-tools/player/player_body.tscn" id="10_2k3w2"]
[ext_resource type="Script" uid="uid://v62x04osne6" path="res://third-party/godot-xr-tools/overrides/ground_physics_settings.gd" id="14_pcevl"]

[sub_resource type="AnimationNodeAnimation" id="AnimationNodeAnimation_pcevl"]
animation = &"Grip"

[sub_resource type="AnimationNodeAnimation" id="AnimationNodeAnimation_a5mju"]
animation = &"Grip"

[sub_resource type="AnimationNodeBlend2" id="AnimationNodeBlend2_jxpvu"]
filter_enabled = true
filters = ["Armature/Skeleton3D:Little_Distal_R", "Armature/Skeleton3D:Little_Intermediate_R", "Armature/Skeleton3D:Little_Metacarpal_R", "Armature/Skeleton3D:Little_Proximal_R", "Armature/Skeleton3D:Middle_Distal_R", "Armature/Skeleton3D:Middle_Intermediate_R", "Armature/Skeleton3D:Middle_Metacarpal_R", "Armature/Skeleton3D:Middle_Proximal_R", "Armature/Skeleton3D:Ring_Distal_R", "Armature/Skeleton3D:Ring_Intermediate_R", "Armature/Skeleton3D:Ring_Metacarpal_R", "Armature/Skeleton3D:Ring_Proximal_R", "Armature/Skeleton3D:Thumb_Distal_R", "Armature/Skeleton3D:Thumb_Metacarpal_R", "Armature/Skeleton3D:Thumb_Proximal_R", "Armature/Skeleton:Little_Distal_R", "Armature/Skeleton:Little_Intermediate_R", "Armature/Skeleton:Little_Proximal_R", "Armature/Skeleton:Middle_Distal_R", "Armature/Skeleton:Middle_Intermediate_R", "Armature/Skeleton:Middle_Proximal_R", "Armature/Skeleton:Ring_Distal_R", "Armature/Skeleton:Ring_Intermediate_R", "Armature/Skeleton:Ring_Proximal_R", "Armature/Skeleton:Thumb_Distal_R", "Armature/Skeleton:Thumb_Proximal_R"]

[sub_resource type="AnimationNodeAnimation" id="AnimationNodeAnimation_8qrs4"]
animation = &"Grip 5"

[sub_resource type="AnimationNodeBlend2" id="AnimationNodeBlend2_iyrb8"]
filter_enabled = true
filters = ["Armature/Skeleton3D:Index_Distal_R", "Armature/Skeleton3D:Index_Intermediate_R", "Armature/Skeleton3D:Index_Metacarpal_R", "Armature/Skeleton3D:Index_Proximal_R", "Armature/Skeleton:Index_Distal_R", "Armature/Skeleton:Index_Intermediate_R", "Armature/Skeleton:Index_Proximal_R"]

[sub_resource type="AnimationNodeBlendTree" id="AnimationNodeBlendTree_bq722"]
graph_offset = Vector2(-552.664, 107.301)
nodes/ClosedHand1/node = SubResource("AnimationNodeAnimation_pcevl")
nodes/ClosedHand1/position = Vector2(-600, 300)
nodes/ClosedHand2/node = SubResource("AnimationNodeAnimation_a5mju")
nodes/ClosedHand2/position = Vector2(-360, 300)
nodes/Grip/node = SubResource("AnimationNodeBlend2_jxpvu")
nodes/Grip/position = Vector2(0, 40)
nodes/OpenHand/node = SubResource("AnimationNodeAnimation_8qrs4")
nodes/OpenHand/position = Vector2(-600, 100)
nodes/Trigger/node = SubResource("AnimationNodeBlend2_iyrb8")
nodes/Trigger/position = Vector2(-360, 40)
node_connections = [&"Grip", 0, &"Trigger", &"Grip", 1, &"ClosedHand2", &"Trigger", 0, &"OpenHand", &"Trigger", 1, &"ClosedHand1", &"output", 0, &"Grip"]

[sub_resource type="AnimationNodeAnimation" id="AnimationNodeAnimation_x174o"]
animation = &"Grip"

[sub_resource type="AnimationNodeAnimation" id="AnimationNodeAnimation_bee2i"]
animation = &"Grip"

[sub_resource type="AnimationNodeBlend2" id="AnimationNodeBlend2_m0j7i"]
filter_enabled = true
filters = ["Armature/Skeleton3D:Little_Distal_L", "Armature/Skeleton3D:Little_Intermediate_L", "Armature/Skeleton3D:Little_Metacarpal_L", "Armature/Skeleton3D:Little_Proximal_L", "Armature/Skeleton3D:Middle_Distal_L", "Armature/Skeleton3D:Middle_Intermediate_L", "Armature/Skeleton3D:Middle_Metacarpal_L", "Armature/Skeleton3D:Middle_Proximal_L", "Armature/Skeleton3D:Ring_Distal_L", "Armature/Skeleton3D:Ring_Intermediate_L", "Armature/Skeleton3D:Ring_Metacarpal_L", "Armature/Skeleton3D:Ring_Proximal_L", "Armature/Skeleton3D:Thumb_Distal_L", "Armature/Skeleton3D:Thumb_Metacarpal_L", "Armature/Skeleton3D:Thumb_Proximal_L", "Armature/Skeleton:Little_Distal_L", "Armature/Skeleton:Little_Intermediate_L", "Armature/Skeleton:Little_Proximal_L", "Armature/Skeleton:Middle_Distal_L", "Armature/Skeleton:Middle_Intermediate_L", "Armature/Skeleton:Middle_Proximal_L", "Armature/Skeleton:Ring_Distal_L", "Armature/Skeleton:Ring_Intermediate_L", "Armature/Skeleton:Ring_Proximal_L", "Armature/Skeleton:Thumb_Distal_L", "Armature/Skeleton:Thumb_Proximal_L"]

[sub_resource type="AnimationNodeAnimation" id="AnimationNodeAnimation_n275j"]
animation = &"Grip 5"

[sub_resource type="AnimationNodeBlend2" id="AnimationNodeBlend2_ho0n2"]
filter_enabled = true
filters = ["Armature/Skeleton3D:Index_Distal_L", "Armature/Skeleton3D:Index_Intermediate_L", "Armature/Skeleton3D:Index_Metacarpal_L", "Armature/Skeleton3D:Index_Proximal_L", "Armature/Skeleton:Index_Distal_L", "Armature/Skeleton:Index_Intermediate_L", "Armature/Skeleton:Index_Proximal_L"]

[sub_resource type="AnimationNodeBlendTree" id="AnimationNodeBlendTree_1bl5u"]
graph_offset = Vector2(-536, 11)
nodes/ClosedHand1/node = SubResource("AnimationNodeAnimation_x174o")
nodes/ClosedHand1/position = Vector2(-600, 300)
nodes/ClosedHand2/node = SubResource("AnimationNodeAnimation_bee2i")
nodes/ClosedHand2/position = Vector2(-360, 300)
nodes/Grip/node = SubResource("AnimationNodeBlend2_m0j7i")
nodes/Grip/position = Vector2(0, 20)
nodes/OpenHand/node = SubResource("AnimationNodeAnimation_n275j")
nodes/OpenHand/position = Vector2(-600, 100)
nodes/Trigger/node = SubResource("AnimationNodeBlend2_ho0n2")
nodes/Trigger/position = Vector2(-360, 20)
node_connections = [&"Grip", 0, &"Trigger", &"Grip", 1, &"ClosedHand2", &"Trigger", 0, &"OpenHand", &"Trigger", 1, &"ClosedHand1", &"output", 0, &"Grip"]

[sub_resource type="Resource" id="Resource_a5mju"]
script = ExtResource("14_pcevl")
flags = 48
move_drag = 5.0
move_traction = 30.0
stop_on_slope = true
move_max_slope = 45.0
jump_max_slope = 45.0
jump_velocity = 5.0
bounciness = 0.2
bounce_threshold = 1.0
metadata/_custom_type_script = "uid://v62x04osne6"

[node name="PlayerController" type="XROrigin3D"]
current = true

[node name="XRCamera3D" type="XRCamera3D" parent="."]
current = true

[node name="VRCommonShaderCache" parent="XRCamera3D" instance=ExtResource("1_is6v4")]

[node name="RightHand" type="XRController3D" parent="."]
transform = Transform3D(1, 0, 0, 0, 1, 0, 0, 0, 1, 0.943646, 1.1, 0)
tracker = &"right_hand"
show_when_tracked = true

[node name="XRToolsCollisionHand" type="AnimatableBody3D" parent="RightHand" node_paths=PackedStringArray("hand_skeleton")]
collision_layer = 131072
collision_mask = 131135
script = ExtResource("3_b7d4o")
hand_skeleton = NodePath("RightPhysicsHand/Hand_R/Armature/Skeleton3D")
metadata/_custom_type_script = "uid://dccs3w0763htm"

[node name="RightPhysicsHand" parent="RightHand/XRToolsCollisionHand" instance=ExtResource("3_6mgpq")]
collision_layer = 65536

[node name="Skeleton3D" parent="RightHand/XRToolsCollisionHand/RightPhysicsHand/Hand_R/Armature" index="0"]
bones/1/rotation = Quaternion(0.323537, 2.56581e-05, 0.0272204, 0.945824)
bones/2/rotation = Quaternion(-0.0904441, 0.0415175, 0.166293, 0.981042)
bones/3/rotation = Quaternion(-0.0466199, -0.020971, -0.0103276, 0.998639)
bones/5/rotation = Quaternion(-0.00128455, 0.0116081, 0.0168259, 0.99979)
bones/6/rotation = Quaternion(0.102925, 0.00993208, 0.00794419, 0.994608)
bones/7/rotation = Quaternion(-0.012859, 0.0236108, 0.323258, 0.945929)
bones/8/rotation = Quaternion(0.0120575, 0.00929193, 0.247472, 0.968775)
bones/10/rotation = Quaternion(-0.0357539, 0.000400032, -0.00636763, 0.99934)
bones/11/rotation = Quaternion(-0.00264964, 0.00114471, 0.125992, 0.992027)
bones/12/rotation = Quaternion(0.0394225, -0.00193393, 0.228074, 0.972843)
bones/13/rotation = Quaternion(-0.0123395, 0.00881294, 0.280669, 0.959685)
bones/15/rotation = Quaternion(-0.0702656, -0.0101908, 0.0243307, 0.99718)
bones/16/rotation = Quaternion(-0.0320634, 0.00223624, 0.0686366, 0.997124)
bones/17/rotation = Quaternion(0.0253452, -0.00812462, 0.249005, 0.968136)
bones/18/rotation = Quaternion(0.00252233, -0.00788073, 0.243204, 0.96994)
bones/20/rotation = Quaternion(-0.0917369, -0.0203027, 0.010183, 0.995524)
bones/21/rotation = Quaternion(-0.0625182, 0.000225721, 0.115393, 0.991351)
bones/22/rotation = Quaternion(0.0585786, -0.0216483, 0.269905, 0.96086)
bones/23/rotation = Quaternion(0.00687177, 0.00357275, 0.211953, 0.977249)

[node name="BoneRoot" parent="RightHand/XRToolsCollisionHand/RightPhysicsHand/Hand_R/Armature/Skeleton3D" index="1"]
transform = Transform3D(1, 1.83077e-05, -1.5264e-08, -1.52677e-08, 0.00166774, 0.999999, 1.83077e-05, -0.999999, 0.00166774, -3.86425e-08, -1.86975e-05, 0.0271756)

[node name="BoneThumbMetacarpal" parent="RightHand/XRToolsCollisionHand/RightPhysicsHand/Hand_R/Armature/Skeleton3D" index="2"]
transform = Transform3D(0.998519, -0.0514604, 0.0176509, 0.017651, 0.613335, 0.789626, -0.0514604, -0.788145, 0.613335, -0.00999954, 0.0200266, 3.59323e-05)

[node name="BoneThumbProximal" parent="RightHand/XRToolsCollisionHand/RightPhysicsHand/Hand_R/Armature/Skeleton3D" index="3"]
transform = Transform3D(0.921479, -0.383958, 0.0587628, 0.124052, 0.434264, 0.892203, -0.368087, -0.814856, 0.447796, -0.012311, 0.0475754, -0.0353648)

[node name="BoneThumbDistal" parent="RightHand/XRToolsCollisionHand/RightPhysicsHand/Hand_R/Armature/Skeleton3D" index="4"]
transform = Transform3D(0.930159, -0.366844, -0.0151708, 0.154037, 0.352396, 0.923087, -0.333283, -0.860954, 0.384292, -0.028494, 0.0658787, -0.0697092)

[node name="BoneIndexMetacarpal" parent="RightHand/XRToolsCollisionHand/RightPhysicsHand/Hand_R/Armature/Skeleton3D" index="5"]
transform = Transform3D(0.999165, -0.0336562, 0.0231681, -0.0231985, -0.00051113, 0.999731, -0.0336353, -0.999433, -0.00129147, 0.0100005, 0.0224317, 3.59286e-05)

[node name="BoneIndexProximal" parent="RightHand/XRToolsCollisionHand/RightPhysicsHand/Hand_R/Armature/Skeleton3D" index="6"]
transform = Transform3D(0.997821, -0.0419385, 0.0509327, -0.0413169, 0.204661, 0.97796, -0.0514381, -0.977934, 0.202483, 0.00729559, 0.0223907, -0.0802861)

[node name="BoneIndexMiddle" parent="RightHand/XRToolsCollisionHand/RightPhysicsHand/Hand_R/Armature/Skeleton3D" index="7"]
transform = Transform3D(0.759851, -0.644453, 0.0854741, 0.0405881, 0.178251, 0.983148, -0.648829, -0.743577, 0.161601, 0.00569705, 0.0301916, -0.117561)

[node name="BoneIndexDistal" parent="RightHand/XRToolsCollisionHand/RightPhysicsHand/Hand_R/Armature/Skeleton3D" index="8"]
transform = Transform3D(0.356467, -0.927111, 0.115741, 0.109286, 0.164404, 0.98032, -0.927894, -0.336803, 0.159925, -0.0145038, 0.035779, -0.140869)

[node name="BoneMiddleMetacarpal" parent="RightHand/XRToolsCollisionHand/RightPhysicsHand/Hand_R/Armature/Skeleton3D" index="9"]
transform = Transform3D(0.999918, 0.0127165, 0.00125617, -0.000365489, -0.0698022, 0.997561, 0.0127732, -0.99748, -0.0697919, 0.0100005, 0.00355416, 3.59286e-05)

[node name="BoneMiddleProximal" parent="RightHand/XRToolsCollisionHand/RightPhysicsHand/Hand_R/Armature/Skeleton3D" index="10"]
transform = Transform3D(0.971345, -0.237654, 0.00293004, -0.0207339, -0.0724503, 0.997156, -0.236766, -0.968644, -0.0753018, 0.0110237, -0.00206236, -0.0802245)

[node name="BoneMiddleMiddle" parent="RightHand/XRToolsCollisionHand/RightPhysicsHand/Hand_R/Armature/Skeleton3D" index="11"]
transform = Transform3D(0.764922, -0.643162, 0.0351718, -0.0290327, 0.0201225, 0.999376, -0.643468, -0.765466, -0.00328059, 0.00032845, -0.00532286, -0.123817)

[node name="BoneMiddleDistal" parent="RightHand/XRToolsCollisionHand/RightPhysicsHand/Hand_R/Armature/Skeleton3D" index="12"]
transform = Transform3D(0.297115, -0.95453, 0.0243818, -0.0374454, 0.0138673, 0.999202, -0.954107, -0.297791, -0.0316226, -0.0205207, -0.00467055, -0.148631)

[node name="BoneRingMetacarpal" parent="RightHand/XRToolsCollisionHand/RightPhysicsHand/Hand_R/Armature/Skeleton3D" index="13"]
transform = Transform3D(0.998609, -0.047074, -0.0237409, 0.0169882, -0.138981, 0.990149, -0.0499098, -0.989175, -0.137988, 0.0100005, -0.0130734, 3.59304e-05)

[node name="BoneRingProximal" parent="RightHand/XRToolsCollisionHand/RightPhysicsHand/Hand_R/Armature/Skeleton3D" index="14"]
transform = Transform3D(0.982964, -0.181854, -0.0266582, -0.0109494, -0.202722, 0.979175, -0.183471, -0.962202, -0.20126, 0.00651963, -0.0233502, -0.0731075)

[node name="BoneRingMiddle" parent="RightHand/XRToolsCollisionHand/RightPhysicsHand/Hand_R/Armature/Skeleton3D" index="15"]
transform = Transform3D(0.772579, -0.634603, -0.0200164, -0.0794844, -0.127948, 0.98859, -0.629924, -0.762173, -0.149291, -0.000778396, -0.0314857, -0.111722)

[node name="BoneRingDistal" parent="RightHand/XRToolsCollisionHand/RightPhysicsHand/Hand_R/Armature/Skeleton3D" index="16"]
transform = Transform3D(0.381387, -0.924068, -0.025339, -0.114105, -0.0742599, 0.990689, -0.917346, -0.374945, -0.133762, -0.0184188, -0.0350424, -0.132908)

[node name="BonePinkyMetacarpal" parent="RightHand/XRToolsCollisionHand/RightPhysicsHand/Hand_R/Armature/Skeleton3D" index="17"]
transform = Transform3D(0.998969, -0.0165318, -0.0422887, 0.0385953, -0.181426, 0.982647, -0.0239172, -0.983265, -0.180601, 4.58211e-07, -0.0299734, 3.59304e-05)

[node name="BonePinkyProximal" parent="RightHand/XRToolsCollisionHand/RightPhysicsHand/Hand_R/Armature/Skeleton3D" index="18"]
transform = Transform3D(0.969212, -0.239304, -0.0579745, -0.0185535, -0.305761, 0.951928, -0.245527, -0.921544, -0.300787, -0.00108587, -0.0418952, -0.0645756)

[node name="BonePinkyMiddle" parent="RightHand/XRToolsCollisionHand/RightPhysicsHand/Hand_R/Armature/Skeleton3D" index="19"]
transform = Transform3D(0.699331, -0.713816, -0.0374602, -0.103947, -0.153407, 0.982681, -0.707199, -0.683325, -0.181481, -0.00901247, -0.0520231, -0.0951004)

[node name="BonePinkyDistal" parent="RightHand/XRToolsCollisionHand/RightPhysicsHand/Hand_R/Armature/Skeleton3D" index="20"]
transform = Transform3D(0.340891, -0.939844, -0.0220291, -0.162162, -0.081867, 0.983362, -0.926011, -0.331647, -0.180315, -0.0218786, -0.0547881, -0.107417)

[node name="AnimationTree" parent="RightHand/XRToolsCollisionHand/RightPhysicsHand" index="1"]
tree_root = SubResource("AnimationNodeBlendTree_bq722")

[node name="MovementTurn" parent="RightHand" instance=ExtResource("3_y0fpp")]
turn_mode = 2
smooth_turn_speed = 3.0

[node name="FunctionTeleport" parent="RightHand" instance=ExtResource("6_txa0r")]
teleport_button_action = "primary"
x_max = 0.3
x_min = -0.3
y_min = -0.5
rotation_action = "empty"

[node name="MovementJump" parent="RightHand" instance=ExtResource("6_2k3w2")]
jump_button_action = "primary"
x_max = 0.3
x_min = -0.3
y_min = 0.5
y_max = 1.0

[node name="FunctionPickup" parent="RightHand" instance=ExtResource("5_cba1f")]
grab_collision_mask = 196692
ranged_distance = 10.0
ranged_collision_mask = 84

[node name="FunctionPointer" parent="RightHand" instance=ExtResource("8_pcevl")]
transform = Transform3D(1, 0, 0, 0, 1, 0, 0, 0, 0.999999, 0, 0, 0)
show_laser = 0
collision_mask = 5242964

[node name="LeftHand" type="XRController3D" parent="."]
transform = Transform3D(1, 0, 0, 0, 1, 0, 0, 0, 1, -1, 1.1, 0)
tracker = &"left_hand"
show_when_tracked = true

[node name="XRToolsCollisionHand" type="AnimatableBody3D" parent="LeftHand" node_paths=PackedStringArray("hand_skeleton")]
collision_layer = 131072
collision_mask = 131135
script = ExtResource("3_b7d4o")
hand_skeleton = NodePath("LeftPhysicsHand/Hand_Glove_L/Armature/Skeleton3D")
metadata/_custom_type_script = "uid://dccs3w0763htm"

[node name="LeftPhysicsHand" parent="LeftHand/XRToolsCollisionHand" instance=ExtResource("5_m3vyv")]
collision_layer = 65536

[node name="Skeleton3D" parent="LeftHand/XRToolsCollisionHand/LeftPhysicsHand/Hand_Glove_L/Armature" index="0"]
bones/1/rotation = Quaternion(0.323537, -2.56581e-05, -0.0272204, 0.945824)
bones/2/rotation = Quaternion(-0.0904441, -0.0415175, -0.166293, 0.981042)
bones/3/rotation = Quaternion(-0.0466199, 0.020971, 0.0103276, 0.998639)
bones/5/rotation = Quaternion(-0.00128455, -0.0116081, -0.0168259, 0.99979)
bones/6/rotation = Quaternion(0.102925, -0.00993208, -0.00794417, 0.994608)
bones/7/rotation = Quaternion(-0.012859, -0.0236108, -0.323258, 0.945929)
bones/8/rotation = Quaternion(0.0120575, -0.00929194, -0.247472, 0.968775)
bones/10/rotation = Quaternion(-0.0357539, -0.000400032, 0.00636764, 0.99934)
bones/11/rotation = Quaternion(-0.00264964, -0.00114471, -0.125992, 0.992027)
bones/12/rotation = Quaternion(0.0394225, 0.00193393, -0.228074, 0.972843)
bones/13/rotation = Quaternion(-0.0123395, -0.00881294, -0.280669, 0.959685)
bones/15/rotation = Quaternion(-0.0702656, 0.0101908, -0.0243307, 0.99718)
bones/16/rotation = Quaternion(-0.0320634, -0.00223624, -0.0686366, 0.997124)
bones/17/rotation = Quaternion(0.0253452, 0.00812462, -0.249005, 0.968136)
bones/18/rotation = Quaternion(0.00252232, 0.00788073, -0.243204, 0.96994)
bones/20/rotation = Quaternion(-0.0917369, 0.0203027, -0.010183, 0.995524)
bones/21/rotation = Quaternion(-0.0625182, -0.00022572, -0.115393, 0.991351)
bones/22/rotation = Quaternion(0.0585786, 0.0216483, -0.269905, 0.96086)
bones/23/rotation = Quaternion(0.00687177, -0.00357275, -0.211953, 0.977249)

[node name="BoneRoot" parent="LeftHand/XRToolsCollisionHand/LeftPhysicsHand/Hand_Glove_L/Armature/Skeleton3D" index="1"]
transform = Transform3D(1, -1.83077e-05, 1.5264e-08, 1.52677e-08, 0.00166774, 0.999999, -1.83077e-05, -0.999999, 0.00166774, 3.86425e-08, -1.86975e-05, 0.0271756)

[node name="BoneThumbMetacarpal" parent="LeftHand/XRToolsCollisionHand/LeftPhysicsHand/Hand_Glove_L/Armature/Skeleton3D" index="2"]
transform = Transform3D(0.998519, 0.0514604, -0.0176509, -0.017651, 0.613335, 0.789626, 0.0514604, -0.788145, 0.613335, 0.00999954, 0.0200266, 3.59323e-05)

[node name="BoneThumbProximal" parent="LeftHand/XRToolsCollisionHand/LeftPhysicsHand/Hand_Glove_L/Armature/Skeleton3D" index="3"]
transform = Transform3D(0.921479, 0.383958, -0.0587628, -0.124052, 0.434264, 0.892203, 0.368087, -0.814856, 0.447796, 0.012311, 0.0475754, -0.0353648)

[node name="BoneThumbDistal" parent="LeftHand/XRToolsCollisionHand/LeftPhysicsHand/Hand_Glove_L/Armature/Skeleton3D" index="4"]
transform = Transform3D(0.930159, 0.366844, 0.0151708, -0.154037, 0.352396, 0.923087, 0.333283, -0.860954, 0.384292, 0.028494, 0.0658787, -0.0697092)

[node name="BoneIndexMetacarpal" parent="LeftHand/XRToolsCollisionHand/LeftPhysicsHand/Hand_Glove_L/Armature/Skeleton3D" index="5"]
transform = Transform3D(0.999165, 0.0336562, -0.0231681, 0.0231985, -0.00051113, 0.999731, 0.0336353, -0.999433, -0.00129147, -0.0100005, 0.0224317, 3.59286e-05)

[node name="BoneIndexProximal" parent="LeftHand/XRToolsCollisionHand/LeftPhysicsHand/Hand_Glove_L/Armature/Skeleton3D" index="6"]
transform = Transform3D(0.997821, 0.0419384, -0.0509326, 0.0413169, 0.204661, 0.97796, 0.0514381, -0.977934, 0.202483, -0.00729559, 0.0223907, -0.0802861)

[node name="BoneIndexMiddle" parent="LeftHand/XRToolsCollisionHand/LeftPhysicsHand/Hand_Glove_L/Armature/Skeleton3D" index="7"]
transform = Transform3D(0.759851, 0.644453, -0.0854741, -0.040588, 0.178251, 0.983148, 0.648829, -0.743577, 0.161601, -0.00569705, 0.0301916, -0.117561)

[node name="BoneIndexDistal" parent="LeftHand/XRToolsCollisionHand/LeftPhysicsHand/Hand_Glove_L/Armature/Skeleton3D" index="8"]
transform = Transform3D(0.356468, 0.927111, -0.115741, -0.109286, 0.164404, 0.98032, 0.927894, -0.336804, 0.159925, 0.0145038, 0.035779, -0.140869)

[node name="BoneMiddleMetacarpal" parent="LeftHand/XRToolsCollisionHand/LeftPhysicsHand/Hand_Glove_L/Armature/Skeleton3D" index="9"]
transform = Transform3D(0.999918, -0.0127165, -0.00125617, 0.000365489, -0.0698022, 0.997561, -0.0127732, -0.99748, -0.0697919, -0.0100005, 0.00355416, 3.59286e-05)

[node name="BoneMiddleProximal" parent="LeftHand/XRToolsCollisionHand/LeftPhysicsHand/Hand_Glove_L/Armature/Skeleton3D" index="10"]
transform = Transform3D(0.971345, 0.237654, -0.00293004, 0.0207339, -0.0724503, 0.997156, 0.236766, -0.968644, -0.0753018, -0.0110237, -0.00206236, -0.0802245)

[node name="BoneMiddleMiddle" parent="LeftHand/XRToolsCollisionHand/LeftPhysicsHand/Hand_Glove_L/Armature/Skeleton3D" index="11"]
transform = Transform3D(0.764922, 0.643161, -0.0351718, 0.0290327, 0.0201225, 0.999376, 0.643468, -0.765466, -0.00328059, -0.000328456, -0.00532286, -0.123817)

[node name="BoneMiddleDistal" parent="LeftHand/XRToolsCollisionHand/LeftPhysicsHand/Hand_Glove_L/Armature/Skeleton3D" index="12"]
transform = Transform3D(0.297115, 0.95453, -0.0243818, 0.0374454, 0.0138673, 0.999202, 0.954107, -0.297791, -0.0316226, 0.0205207, -0.00467056, -0.148631)

[node name="BoneRingMetacarpal" parent="LeftHand/XRToolsCollisionHand/LeftPhysicsHand/Hand_Glove_L/Armature/Skeleton3D" index="13"]
transform = Transform3D(0.998609, 0.047074, 0.0237409, -0.0169882, -0.138981, 0.990149, 0.0499098, -0.989175, -0.137988, -0.0100005, -0.0130734, 3.59304e-05)

[node name="BoneRingProximal" parent="LeftHand/XRToolsCollisionHand/LeftPhysicsHand/Hand_Glove_L/Armature/Skeleton3D" index="14"]
transform = Transform3D(0.982964, 0.181854, 0.0266582, 0.0109494, -0.202722, 0.979175, 0.183471, -0.962202, -0.20126, -0.00651963, -0.0233502, -0.0731075)

[node name="BoneRingMiddle" parent="LeftHand/XRToolsCollisionHand/LeftPhysicsHand/Hand_Glove_L/Armature/Skeleton3D" index="15"]
transform = Transform3D(0.772579, 0.634603, 0.0200164, 0.0794845, -0.127948, 0.98859, 0.629924, -0.762173, -0.149291, 0.000778394, -0.0314857, -0.111722)

[node name="BoneRingDistal" parent="LeftHand/XRToolsCollisionHand/LeftPhysicsHand/Hand_Glove_L/Armature/Skeleton3D" index="16"]
transform = Transform3D(0.381387, 0.924068, 0.025339, 0.114105, -0.0742599, 0.990689, 0.917346, -0.374945, -0.133762, 0.0184188, -0.0350424, -0.132908)

[node name="BonePinkyMetacarpal" parent="LeftHand/XRToolsCollisionHand/LeftPhysicsHand/Hand_Glove_L/Armature/Skeleton3D" index="17"]
transform = Transform3D(0.998969, 0.0165318, 0.0422887, -0.0385953, -0.181426, 0.982647, 0.0239172, -0.983265, -0.180601, -4.58211e-07, -0.0299734, 3.59304e-05)

[node name="BonePinkyProximal" parent="LeftHand/XRToolsCollisionHand/LeftPhysicsHand/Hand_Glove_L/Armature/Skeleton3D" index="18"]
transform = Transform3D(0.969212, 0.239304, 0.0579745, 0.0185535, -0.305761, 0.951928, 0.245527, -0.921544, -0.300787, 0.00108587, -0.0418952, -0.0645756)

[node name="BonePinkyMiddle" parent="LeftHand/XRToolsCollisionHand/LeftPhysicsHand/Hand_Glove_L/Armature/Skeleton3D" index="19"]
transform = Transform3D(0.699331, 0.713816, 0.0374602, 0.103947, -0.153407, 0.982681, 0.707199, -0.683325, -0.181481, 0.00901247, -0.0520231, -0.0951004)

[node name="BonePinkyDistal" parent="LeftHand/XRToolsCollisionHand/LeftPhysicsHand/Hand_Glove_L/Armature/Skeleton3D" index="20"]
transform = Transform3D(0.340891, 0.939844, 0.0220291, 0.162162, -0.081867, 0.983362, 0.926011, -0.331647, -0.180315, 0.0218786, -0.0547881, -0.107417)

[node name="AnimationTree" parent="LeftHand/XRToolsCollisionHand/LeftPhysicsHand" index="1"]
tree_root = SubResource("AnimationNodeBlendTree_1bl5u")

[node name="MovementDirect" parent="LeftHand" instance=ExtResource("6_cba1f")]
strafe = true

[node name="MovementSprint" parent="LeftHand" instance=ExtResource("8_cba1f")]

[node name="FunctionPickup" parent="LeftHand" instance=ExtResource("5_cba1f")]
grab_collision_mask = 65620
ranged_distance = 10.0
ranged_collision_mask = 84
impulse_factor = 0.1

[node name="FunctionPointer" parent="LeftHand" instance=ExtResource("8_pcevl")]
transform = Transform3D(1, 0, 0, 0, 1, 0, 0, 0, 0.999999, 0, 0, 0)
show_laser = 0
laser_length = 1
target_radius = 0.2
collision_mask = 5242964

[node name="PlayerBody" parent="." instance=ExtResource("10_2k3w2")]
collision_mask = 1
floor_stop_on_slope = false
floor_block_on_wall = false
platform_floor_layers = 0
player_height_min = 1.0
player_height_max = 1.7
push_rigid_bodies = false
physics = SubResource("Resource_a5mju")

[node name="MovementJog" parent="." instance=ExtResource("9_2k3w2")]

[editable path="RightHand/XRToolsCollisionHand/RightPhysicsHand"]
[editable path="RightHand/XRToolsCollisionHand/RightPhysicsHand/Hand_R"]
[editable path="LeftHand/XRToolsCollisionHand/LeftPhysicsHand"]
[editable path="LeftHand/XRToolsCollisionHand/LeftPhysicsHand/Hand_Glove_L"]
